'(((7 4) (6 4) NIL NIL) ((7 4) (8 4) NIL NIL) ((7 3) (6 3) NIL NIL)
 ((7 3) (7 2) NIL NIL)
 ((8 3) (8 4) 84
  ((7 4) (8 4) (8 3) (9 3) (9 2) (9 1) (10 1) (11 1) (12 1) (13 1) (13 2)
   (13 3) (12 3) (11 3) (11 4) (11 5) (12 5) (13 5) (13 6) (13 7) (12 7) (11 7)
   (10 7) (9 7) (9 8) (9 9) (10 9) (11 9) (12 9) (13 9) (13 10) (13 11) (12 11)
   (11 11) (11 12) (11 13) (10 13) (9 13) (9 12) (9 11) (8 11) (7 11) (7 12)
   (7 13) (6 13) (5 13) (5 12) (5 11) (4 11) (3 11) (3 12) (3 13) (2 13) (1 13)
   (1 12) (1 11) (1 10) (1 9) (2 9) (3 9) (4 9) (5 9) (6 9) (7 9) (7 8) (7 7)
   (6 7) (5 7) (4 7) (3 7) (2 7) (1 7) (1 6) (1 5) (2 5) (3 5) (3 4) (3 3)
   (2 3) (1 3) (1 2) (1 1) (2 1) (3 1)))
 ((8 3) (8 2) NIL NIL) ((9 3) (9 4) NIL NIL) ((9 3) (10 3) NIL NIL)
 ((9 2) (8 2) 84
  ((7 4) (7 3) (8 3) (8 2) (9 2) (9 1) (10 1) (11 1) (12 1) (13 1) (13 2)
   (13 3) (12 3) (11 3) (11 4) (11 5) (12 5) (13 5) (13 6) (13 7) (12 7) (11 7)
   (10 7) (9 7) (9 8) (9 9) (10 9) (11 9) (12 9) (13 9) (13 10) (13 11) (12 11)
   (11 11) (11 12) (11 13) (10 13) (9 13) (9 12) (9 11) (8 11) (7 11) (7 12)
   (7 13) (6 13) (5 13) (5 12) (5 11) (4 11) (3 11) (3 12) (3 13) (2 13) (1 13)
   (1 12) (1 11) (1 10) (1 9) (2 9) (3 9) (4 9) (5 9) (6 9) (7 9) (7 8) (7 7)
   (6 7) (5 7) (4 7) (3 7) (2 7) (1 7) (1 6) (1 5) (2 5) (3 5) (3 4) (3 3)
   (2 3) (1 3) (1 2) (1 1) (2 1) (3 1)))
 ((9 2) (10 2) NIL NIL) ((9 1) (8 1) NIL NIL) ((9 1) (9 0) NIL NIL)
 ((10 1) (10 2) 84
  ((7 4) (7 3) (8 3) (9 3) (9 2) (10 2) (10 1) (11 1) (12 1) (13 1) (13 2)
   (13 3) (12 3) (11 3) (11 4) (11 5) (12 5) (13 5) (13 6) (13 7) (12 7) (11 7)
   (10 7) (9 7) (9 8) (9 9) (10 9) (11 9) (12 9) (13 9) (13 10) (13 11) (12 11)
   (11 11) (11 12) (11 13) (10 13) (9 13) (9 12) (9 11) (8 11) (7 11) (7 12)
   (7 13) (6 13) (5 13) (5 12) (5 11) (4 11) (3 11) (3 12) (3 13) (2 13) (1 13)
   (1 12) (1 11) (1 10) (1 9) (2 9) (3 9) (4 9) (5 9) (6 9) (7 9) (7 8) (7 7)
   (6 7) (5 7) (4 7) (3 7) (2 7) (1 7) (1 6) (1 5) (2 5) (3 5) (3 4) (3 3)
   (2 3) (1 3) (1 2) (1 1) (2 1) (3 1)))
 ((10 1) (10 0) NIL NIL) ((11 1) (11 2) NIL NIL) ((11 1) (11 0) NIL NIL)
 ((12 1) (12 2) NIL NIL) ((12 1) (12 0) NIL NIL) ((13 1) (13 0) NIL NIL)
 ((13 1) (14 1) NIL NIL)
 ((13 2) (12 2) 82
  ((7 4) (7 3) (8 3) (9 3) (9 2) (9 1) (10 1) (11 1) (12 1) (12 2) (12 3)
   (11 3) (11 4) (11 5) (12 5) (13 5) (13 6) (13 7) (12 7) (11 7) (10 7) (9 7)
   (9 8) (9 9) (10 9) (11 9) (12 9) (13 9) (13 10) (13 11) (12 11) (11 11)
   (11 12) (11 13) (10 13) (9 13) (9 12) (9 11) (8 11) (7 11) (7 12) (7 13)
   (6 13) (5 13) (5 12) (5 11) (4 11) (3 11) (3 12) (3 13) (2 13) (1 13) (1 12)
   (1 11) (1 10) (1 9) (2 9) (3 9) (4 9) (5 9) (6 9) (7 9) (7 8) (7 7) (6 7)
   (5 7) (4 7) (3 7) (2 7) (1 7) (1 6) (1 5) (2 5) (3 5) (3 4) (3 3) (2 3)
   (1 3) (1 2) (1 1) (2 1) (3 1)))
 ((13 2) (14 2) NIL NIL) ((13 3) (13 4) NIL NIL) ((13 3) (14 3) NIL NIL)
 ((12 3) (12 4) NIL NIL)
 ((12 3) (12 2) 82
  ((7 4) (7 3) (8 3) (9 3) (9 2) (9 1) (10 1) (11 1) (12 1) (12 2) (12 3)
   (11 3) (11 4) (11 5) (12 5) (13 5) (13 6) (13 7) (12 7) (11 7) (10 7) (9 7)
   (9 8) (9 9) (10 9) (11 9) (12 9) (13 9) (13 10) (13 11) (12 11) (11 11)
   (11 12) (11 13) (10 13) (9 13) (9 12) (9 11) (8 11) (7 11) (7 12) (7 13)
   (6 13) (5 13) (5 12) (5 11) (4 11) (3 11) (3 12) (3 13) (2 13) (1 13) (1 12)
   (1 11) (1 10) (1 9) (2 9) (3 9) (4 9) (5 9) (6 9) (7 9) (7 8) (7 7) (6 7)
   (5 7) (4 7) (3 7) (2 7) (1 7) (1 6) (1 5) (2 5) (3 5) (3 4) (3 3) (2 3)
   (1 3) (1 2) (1 1) (2 1) (3 1)))
 ((11 3) (10 3) 76
  ((7 4) (7 3) (8 3) (9 3) (10 3) (11 3) (11 4) (11 5) (12 5) (13 5) (13 6)
   (13 7) (12 7) (11 7) (10 7) (9 7) (9 8) (9 9) (10 9) (11 9) (12 9) (13 9)
   (13 10) (13 11) (12 11) (11 11) (11 12) (11 13) (10 13) (9 13) (9 12) (9 11)
   (8 11) (7 11) (7 12) (7 13) (6 13) (5 13) (5 12) (5 11) (4 11) (3 11) (3 12)
   (3 13) (2 13) (1 13) (1 12) (1 11) (1 10) (1 9) (2 9) (3 9) (4 9) (5 9)
   (6 9) (7 9) (7 8) (7 7) (6 7) (5 7) (4 7) (3 7) (2 7) (1 7) (1 6) (1 5)
   (2 5) (3 5) (3 4) (3 3) (2 3) (1 3) (1 2) (1 1) (2 1) (3 1)))
 ((11 3) (11 2) 80
  ((7 4) (7 3) (8 3) (9 3) (9 2) (9 1) (10 1) (11 1) (11 2) (11 3) (11 4)
   (11 5) (12 5) (13 5) (13 6) (13 7) (12 7) (11 7) (10 7) (9 7) (9 8) (9 9)
   (10 9) (11 9) (12 9) (13 9) (13 10) (13 11) (12 11) (11 11) (11 12) (11 13)
   (10 13) (9 13) (9 12) (9 11) (8 11) (7 11) (7 12) (7 13) (6 13) (5 13)
   (5 12) (5 11) (4 11) (3 11) (3 12) (3 13) (2 13) (1 13) (1 12) (1 11) (1 10)
   (1 9) (2 9) (3 9) (4 9) (5 9) (6 9) (7 9) (7 8) (7 7) (6 7) (5 7) (4 7)
   (3 7) (2 7) (1 7) (1 6) (1 5) (2 5) (3 5) (3 4) (3 3) (2 3) (1 3) (1 2)
   (1 1) (2 1) (3 1)))
 ((11 4) (10 4) NIL NIL)
 ((11 4) (12 4) 82
  ((7 4) (7 3) (8 3) (9 3) (9 2) (9 1) (10 1) (11 1) (12 1) (13 1) (13 2)
   (13 3) (12 3) (12 4) (12 5) (13 5) (13 6) (13 7) (12 7) (11 7) (10 7) (9 7)
   (9 8) (9 9) (10 9) (11 9) (12 9) (13 9) (13 10) (13 11) (12 11) (11 11)
   (11 12) (11 13) (10 13) (9 13) (9 12) (9 11) (8 11) (7 11) (7 12) (7 13)
   (6 13) (5 13) (5 12) (5 11) (4 11) (3 11) (3 12) (3 13) (2 13) (1 13) (1 12)
   (1 11) (1 10) (1 9) (2 9) (3 9) (4 9) (5 9) (6 9) (7 9) (7 8) (7 7) (6 7)
   (5 7) (4 7) (3 7) (2 7) (1 7) (1 6) (1 5) (2 5) (3 5) (3 4) (3 3) (2 3)
   (1 3) (1 2) (1 1) (2 1) (3 1)))
 ((11 5) (11 6) NIL NIL) ((11 5) (10 5) NIL NIL) ((12 5) (12 6) NIL NIL)
 ((12 5) (12 4) 82
  ((7 4) (7 3) (8 3) (9 3) (9 2) (9 1) (10 1) (11 1) (12 1) (13 1) (13 2)
   (13 3) (12 3) (12 4) (12 5) (13 5) (13 6) (13 7) (12 7) (11 7) (10 7) (9 7)
   (9 8) (9 9) (10 9) (11 9) (12 9) (13 9) (13 10) (13 11) (12 11) (11 11)
   (11 12) (11 13) (10 13) (9 13) (9 12) (9 11) (8 11) (7 11) (7 12) (7 13)
   (6 13) (5 13) (5 12) (5 11) (4 11) (3 11) (3 12) (3 13) (2 13) (1 13) (1 12)
   (1 11) (1 10) (1 9) (2 9) (3 9) (4 9) (5 9) (6 9) (7 9) (7 8) (7 7) (6 7)
   (5 7) (4 7) (3 7) (2 7) (1 7) (1 6) (1 5) (2 5) (3 5) (3 4) (3 3) (2 3)
   (1 3) (1 2) (1 1) (2 1) (3 1)))
 ((13 5) (13 4) 80
  ((7 4) (7 3) (8 3) (9 3) (9 2) (9 1) (10 1) (11 1) (12 1) (13 1) (13 2)
   (13 3) (13 4) (13 5) (13 6) (13 7) (12 7) (11 7) (10 7) (9 7) (9 8) (9 9)
   (10 9) (11 9) (12 9) (13 9) (13 10) (13 11) (12 11) (11 11) (11 12) (11 13)
   (10 13) (9 13) (9 12) (9 11) (8 11) (7 11) (7 12) (7 13) (6 13) (5 13)
   (5 12) (5 11) (4 11) (3 11) (3 12) (3 13) (2 13) (1 13) (1 12) (1 11) (1 10)
   (1 9) (2 9) (3 9) (4 9) (5 9) (6 9) (7 9) (7 8) (7 7) (6 7) (5 7) (4 7)
   (3 7) (2 7) (1 7) (1 6) (1 5) (2 5) (3 5) (3 4) (3 3) (2 3) (1 3) (1 2)
   (1 1) (2 1) (3 1)))
 ((13 5) (14 5) NIL NIL)
 ((13 6) (12 6) 82
  ((7 4) (7 3) (8 3) (9 3) (9 2) (9 1) (10 1) (11 1) (12 1) (13 1) (13 2)
   (13 3) (12 3) (11 3) (11 4) (11 5) (12 5) (12 6) (12 7) (11 7) (10 7) (9 7)
   (9 8) (9 9) (10 9) (11 9) (12 9) (13 9) (13 10) (13 11) (12 11) (11 11)
   (11 12) (11 13) (10 13) (9 13) (9 12) (9 11) (8 11) (7 11) (7 12) (7 13)
   (6 13) (5 13) (5 12) (5 11) (4 11) (3 11) (3 12) (3 13) (2 13) (1 13) (1 12)
   (1 11) (1 10) (1 9) (2 9) (3 9) (4 9) (5 9) (6 9) (7 9) (7 8) (7 7) (6 7)
   (5 7) (4 7) (3 7) (2 7) (1 7) (1 6) (1 5) (2 5) (3 5) (3 4) (3 3) (2 3)
   (1 3) (1 2) (1 1) (2 1) (3 1)))
 ((13 6) (14 6) NIL NIL) ((13 7) (13 8) NIL NIL) ((13 7) (14 7) NIL NIL)
 ((12 7) (12 8) NIL NIL)
 ((12 7) (12 6) 82
  ((7 4) (7 3) (8 3) (9 3) (9 2) (9 1) (10 1) (11 1) (12 1) (13 1) (13 2)
   (13 3) (12 3) (11 3) (11 4) (11 5) (12 5) (12 6) (12 7) (11 7) (10 7) (9 7)
   (9 8) (9 9) (10 9) (11 9) (12 9) (13 9) (13 10) (13 11) (12 11) (11 11)
   (11 12) (11 13) (10 13) (9 13) (9 12) (9 11) (8 11) (7 11) (7 12) (7 13)
   (6 13) (5 13) (5 12) (5 11) (4 11) (3 11) (3 12) (3 13) (2 13) (1 13) (1 12)
   (1 11) (1 10) (1 9) (2 9) (3 9) (4 9) (5 9) (6 9) (7 9) (7 8) (7 7) (6 7)
   (5 7) (4 7) (3 7) (2 7) (1 7) (1 6) (1 5) (2 5) (3 5) (3 4) (3 3) (2 3)
   (1 3) (1 2) (1 1) (2 1) (3 1)))
 ((11 7) (11 8) NIL NIL)
 ((11 7) (11 6) 80
  ((7 4) (7 3) (8 3) (9 3) (9 2) (9 1) (10 1) (11 1) (12 1) (13 1) (13 2)
   (13 3) (12 3) (11 3) (11 4) (11 5) (11 6) (11 7) (10 7) (9 7) (9 8) (9 9)
   (10 9) (11 9) (12 9) (13 9) (13 10) (13 11) (12 11) (11 11) (11 12) (11 13)
   (10 13) (9 13) (9 12) (9 11) (8 11) (7 11) (7 12) (7 13) (6 13) (5 13)
   (5 12) (5 11) (4 11) (3 11) (3 12) (3 13) (2 13) (1 13) (1 12) (1 11) (1 10)
   (1 9) (2 9) (3 9) (4 9) (5 9) (6 9) (7 9) (7 8) (7 7) (6 7) (5 7) (4 7)
   (3 7) (2 7) (1 7) (1 6) (1 5) (2 5) (3 5) (3 4) (3 3) (2 3) (1 3) (1 2)
   (1 1) (2 1) (3 1)))
 ((10 7) (10 8) NIL NIL) ((10 7) (10 6) NIL NIL) ((9 7) (8 7) NIL NIL)
 ((9 7) (9 6) NIL NIL) ((9 8) (8 8) NIL NIL)
 ((9 8) (10 8) 82
  ((7 4) (7 3) (8 3) (9 3) (9 2) (9 1) (10 1) (11 1) (12 1) (13 1) (13 2)
   (13 3) (12 3) (11 3) (11 4) (11 5) (12 5) (13 5) (13 6) (13 7) (12 7) (11 7)
   (10 7) (10 8) (10 9) (11 9) (12 9) (13 9) (13 10) (13 11) (12 11) (11 11)
   (11 12) (11 13) (10 13) (9 13) (9 12) (9 11) (8 11) (7 11) (7 12) (7 13)
   (6 13) (5 13) (5 12) (5 11) (4 11) (3 11) (3 12) (3 13) (2 13) (1 13) (1 12)
   (1 11) (1 10) (1 9) (2 9) (3 9) (4 9) (5 9) (6 9) (7 9) (7 8) (7 7) (6 7)
   (5 7) (4 7) (3 7) (2 7) (1 7) (1 6) (1 5) (2 5) (3 5) (3 4) (3 3) (2 3)
   (1 3) (1 2) (1 1) (2 1) (3 1)))
 ((9 9) (9 10) NIL NIL) ((9 9) (8 9) NIL NIL) ((10 9) (10 10) NIL NIL)
 ((10 9) (10 8) 82
  ((7 4) (7 3) (8 3) (9 3) (9 2) (9 1) (10 1) (11 1) (12 1) (13 1) (13 2)
   (13 3) (12 3) (11 3) (11 4) (11 5) (12 5) (13 5) (13 6) (13 7) (12 7) (11 7)
   (10 7) (10 8) (10 9) (11 9) (12 9) (13 9) (13 10) (13 11) (12 11) (11 11)
   (11 12) (11 13) (10 13) (9 13) (9 12) (9 11) (8 11) (7 11) (7 12) (7 13)
   (6 13) (5 13) (5 12) (5 11) (4 11) (3 11) (3 12) (3 13) (2 13) (1 13) (1 12)
   (1 11) (1 10) (1 9) (2 9) (3 9) (4 9) (5 9) (6 9) (7 9) (7 8) (7 7) (6 7)
   (5 7) (4 7) (3 7) (2 7) (1 7) (1 6) (1 5) (2 5) (3 5) (3 4) (3 3) (2 3)
   (1 3) (1 2) (1 1) (2 1) (3 1)))
 ((11 9) (11 10) NIL NIL)
 ((11 9) (11 8) 80
  ((7 4) (7 3) (8 3) (9 3) (9 2) (9 1) (10 1) (11 1) (12 1) (13 1) (13 2)
   (13 3) (12 3) (11 3) (11 4) (11 5) (12 5) (13 5) (13 6) (13 7) (12 7) (11 7)
   (11 8) (11 9) (12 9) (13 9) (13 10) (13 11) (12 11) (11 11) (11 12) (11 13)
   (10 13) (9 13) (9 12) (9 11) (8 11) (7 11) (7 12) (7 13) (6 13) (5 13)
   (5 12) (5 11) (4 11) (3 11) (3 12) (3 13) (2 13) (1 13) (1 12) (1 11) (1 10)
   (1 9) (2 9) (3 9) (4 9) (5 9) (6 9) (7 9) (7 8) (7 7) (6 7) (5 7) (4 7)
   (3 7) (2 7) (1 7) (1 6) (1 5) (2 5) (3 5) (3 4) (3 3) (2 3) (1 3) (1 2)
   (1 1) (2 1) (3 1)))
 ((12 9) (12 10) NIL NIL)
 ((12 9) (12 8) 78
  ((7 4) (7 3) (8 3) (9 3) (9 2) (9 1) (10 1) (11 1) (12 1) (13 1) (13 2)
   (13 3) (12 3) (11 3) (11 4) (11 5) (12 5) (13 5) (13 6) (13 7) (12 7) (12 8)
   (12 9) (13 9) (13 10) (13 11) (12 11) (11 11) (11 12) (11 13) (10 13) (9 13)
   (9 12) (9 11) (8 11) (7 11) (7 12) (7 13) (6 13) (5 13) (5 12) (5 11) (4 11)
   (3 11) (3 12) (3 13) (2 13) (1 13) (1 12) (1 11) (1 10) (1 9) (2 9) (3 9)
   (4 9) (5 9) (6 9) (7 9) (7 8) (7 7) (6 7) (5 7) (4 7) (3 7) (2 7) (1 7)
   (1 6) (1 5) (2 5) (3 5) (3 4) (3 3) (2 3) (1 3) (1 2) (1 1) (2 1) (3 1)))
 ((13 9) (13 8) 76
  ((7 4) (7 3) (8 3) (9 3) (9 2) (9 1) (10 1) (11 1) (12 1) (13 1) (13 2)
   (13 3) (12 3) (11 3) (11 4) (11 5) (12 5) (13 5) (13 6) (13 7) (13 8) (13 9)
   (13 10) (13 11) (12 11) (11 11) (11 12) (11 13) (10 13) (9 13) (9 12) (9 11)
   (8 11) (7 11) (7 12) (7 13) (6 13) (5 13) (5 12) (5 11) (4 11) (3 11) (3 12)
   (3 13) (2 13) (1 13) (1 12) (1 11) (1 10) (1 9) (2 9) (3 9) (4 9) (5 9)
   (6 9) (7 9) (7 8) (7 7) (6 7) (5 7) (4 7) (3 7) (2 7) (1 7) (1 6) (1 5)
   (2 5) (3 5) (3 4) (3 3) (2 3) (1 3) (1 2) (1 1) (2 1) (3 1)))
 ((13 9) (14 9) NIL NIL)
 ((13 10) (12 10) 82
  ((7 4) (7 3) (8 3) (9 3) (9 2) (9 1) (10 1) (11 1) (12 1) (13 1) (13 2)
   (13 3) (12 3) (11 3) (11 4) (11 5) (12 5) (13 5) (13 6) (13 7) (12 7) (11 7)
   (10 7) (9 7) (9 8) (9 9) (10 9) (11 9) (12 9) (12 10) (12 11) (11 11)
   (11 12) (11 13) (10 13) (9 13) (9 12) (9 11) (8 11) (7 11) (7 12) (7 13)
   (6 13) (5 13) (5 12) (5 11) (4 11) (3 11) (3 12) (3 13) (2 13) (1 13) (1 12)
   (1 11) (1 10) (1 9) (2 9) (3 9) (4 9) (5 9) (6 9) (7 9) (7 8) (7 7) (6 7)
   (5 7) (4 7) (3 7) (2 7) (1 7) (1 6) (1 5) (2 5) (3 5) (3 4) (3 3) (2 3)
   (1 3) (1 2) (1 1) (2 1) (3 1)))
 ((13 10) (14 10) NIL NIL) ((13 11) (13 12) NIL NIL) ((13 11) (14 11) NIL NIL)
 ((12 11) (12 12) NIL NIL)
 ((12 11) (12 10) 82
  ((7 4) (7 3) (8 3) (9 3) (9 2) (9 1) (10 1) (11 1) (12 1) (13 1) (13 2)
   (13 3) (12 3) (11 3) (11 4) (11 5) (12 5) (13 5) (13 6) (13 7) (12 7) (11 7)
   (10 7) (9 7) (9 8) (9 9) (10 9) (11 9) (12 9) (12 10) (12 11) (11 11)
   (11 12) (11 13) (10 13) (9 13) (9 12) (9 11) (8 11) (7 11) (7 12) (7 13)
   (6 13) (5 13) (5 12) (5 11) (4 11) (3 11) (3 12) (3 13) (2 13) (1 13) (1 12)
   (1 11) (1 10) (1 9) (2 9) (3 9) (4 9) (5 9) (6 9) (7 9) (7 8) (7 7) (6 7)
   (5 7) (4 7) (3 7) (2 7) (1 7) (1 6) (1 5) (2 5) (3 5) (3 4) (3 3) (2 3)
   (1 3) (1 2) (1 1) (2 1) (3 1)))
 ((11 11) (10 11) NIL NIL)
 ((11 11) (11 10) 80
  ((7 4) (7 3) (8 3) (9 3) (9 2) (9 1) (10 1) (11 1) (12 1) (13 1) (13 2)
   (13 3) (12 3) (11 3) (11 4) (11 5) (12 5) (13 5) (13 6) (13 7) (12 7) (11 7)
   (10 7) (9 7) (9 8) (9 9) (10 9) (11 9) (11 10) (11 11) (11 12) (11 13)
   (10 13) (9 13) (9 12) (9 11) (8 11) (7 11) (7 12) (7 13) (6 13) (5 13)
   (5 12) (5 11) (4 11) (3 11) (3 12) (3 13) (2 13) (1 13) (1 12) (1 11) (1 10)
   (1 9) (2 9) (3 9) (4 9) (5 9) (6 9) (7 9) (7 8) (7 7) (6 7) (5 7) (4 7)
   (3 7) (2 7) (1 7) (1 6) (1 5) (2 5) (3 5) (3 4) (3 3) (2 3) (1 3) (1 2)
   (1 1) (2 1) (3 1)))
 ((11 12) (10 12) NIL NIL)
 ((11 12) (12 12) 84
  ((7 4) (7 3) (8 3) (9 3) (9 2) (9 1) (10 1) (11 1) (12 1) (13 1) (13 2)
   (13 3) (12 3) (11 3) (11 4) (11 5) (12 5) (13 5) (13 6) (13 7) (12 7) (11 7)
   (10 7) (9 7) (9 8) (9 9) (10 9) (11 9) (12 9) (13 9) (13 10) (13 11) (12 11)
   (12 12) (11 12) (11 13) (10 13) (9 13) (9 12) (9 11) (8 11) (7 11) (7 12)
   (7 13) (6 13) (5 13) (5 12) (5 11) (4 11) (3 11) (3 12) (3 13) (2 13) (1 13)
   (1 12) (1 11) (1 10) (1 9) (2 9) (3 9) (4 9) (5 9) (6 9) (7 9) (7 8) (7 7)
   (6 7) (5 7) (4 7) (3 7) (2 7) (1 7) (1 6) (1 5) (2 5) (3 5) (3 4) (3 3)
   (2 3) (1 3) (1 2) (1 1) (2 1) (3 1)))
 ((11 13) (11 14) NIL NIL) ((11 13) (12 13) NIL NIL) ((10 13) (10 14) NIL NIL)
 ((10 13) (10 12) 82
  ((7 4) (7 3) (8 3) (9 3) (9 2) (9 1) (10 1) (11 1) (12 1) (13 1) (13 2)
   (13 3) (12 3) (11 3) (11 4) (11 5) (12 5) (13 5) (13 6) (13 7) (12 7) (11 7)
   (10 7) (9 7) (9 8) (9 9) (10 9) (11 9) (12 9) (13 9) (13 10) (13 11) (12 11)
   (11 11) (11 12) (10 12) (9 12) (9 11) (8 11) (7 11) (7 12) (7 13) (6 13)
   (5 13) (5 12) (5 11) (4 11) (3 11) (3 12) (3 13) (2 13) (1 13) (1 12) (1 11)
   (1 10) (1 9) (2 9) (3 9) (4 9) (5 9) (6 9) (7 9) (7 8) (7 7) (6 7) (5 7)
   (4 7) (3 7) (2 7) (1 7) (1 6) (1 5) (2 5) (3 5) (3 4) (3 3) (2 3) (1 3)
   (1 2) (1 1) (2 1) (3 1)))
 ((9 13) (9 14) NIL NIL) ((9 13) (8 13) NIL NIL) ((9 12) (8 12) NIL NIL)
 ((9 12) (10 12) 82
  ((7 4) (7 3) (8 3) (9 3) (9 2) (9 1) (10 1) (11 1) (12 1) (13 1) (13 2)
   (13 3) (12 3) (11 3) (11 4) (11 5) (12 5) (13 5) (13 6) (13 7) (12 7) (11 7)
   (10 7) (9 7) (9 8) (9 9) (10 9) (11 9) (12 9) (13 9) (13 10) (13 11) (12 11)
   (11 11) (11 12) (10 12) (9 12) (9 11) (8 11) (7 11) (7 12) (7 13) (6 13)
   (5 13) (5 12) (5 11) (4 11) (3 11) (3 12) (3 13) (2 13) (1 13) (1 12) (1 11)
   (1 10) (1 9) (2 9) (3 9) (4 9) (5 9) (6 9) (7 9) (7 8) (7 7) (6 7) (5 7)
   (4 7) (3 7) (2 7) (1 7) (1 6) (1 5) (2 5) (3 5) (3 4) (3 3) (2 3) (1 3)
   (1 2) (1 1) (2 1) (3 1)))
 ((9 11) (9 10) 72
  ((7 4) (7 3) (8 3) (9 3) (9 2) (9 1) (10 1) (11 1) (12 1) (13 1) (13 2)
   (13 3) (12 3) (11 3) (11 4) (11 5) (12 5) (13 5) (13 6) (13 7) (12 7) (11 7)
   (10 7) (9 7) (9 8) (9 9) (9 10) (9 11) (8 11) (7 11) (7 12) (7 13) (6 13)
   (5 13) (5 12) (5 11) (4 11) (3 11) (3 12) (3 13) (2 13) (1 13) (1 12) (1 11)
   (1 10) (1 9) (2 9) (3 9) (4 9) (5 9) (6 9) (7 9) (7 8) (7 7) (6 7) (5 7)
   (4 7) (3 7) (2 7) (1 7) (1 6) (1 5) (2 5) (3 5) (3 4) (3 3) (2 3) (1 3)
   (1 2) (1 1) (2 1) (3 1)))
 ((9 11) (10 11) 80
  ((7 4) (7 3) (8 3) (9 3) (9 2) (9 1) (10 1) (11 1) (12 1) (13 1) (13 2)
   (13 3) (12 3) (11 3) (11 4) (11 5) (12 5) (13 5) (13 6) (13 7) (12 7) (11 7)
   (10 7) (9 7) (9 8) (9 9) (10 9) (11 9) (12 9) (13 9) (13 10) (13 11) (12 11)
   (11 11) (10 11) (9 11) (8 11) (7 11) (7 12) (7 13) (6 13) (5 13) (5 12)
   (5 11) (4 11) (3 11) (3 12) (3 13) (2 13) (1 13) (1 12) (1 11) (1 10) (1 9)
   (2 9) (3 9) (4 9) (5 9) (6 9) (7 9) (7 8) (7 7) (6 7) (5 7) (4 7) (3 7)
   (2 7) (1 7) (1 6) (1 5) (2 5) (3 5) (3 4) (3 3) (2 3) (1 3) (1 2) (1 1)
   (2 1) (3 1)))
 ((8 11) (8 12) 82
  ((7 4) (7 3) (8 3) (9 3) (9 2) (9 1) (10 1) (11 1) (12 1) (13 1) (13 2)
   (13 3) (12 3) (11 3) (11 4) (11 5) (12 5) (13 5) (13 6) (13 7) (12 7) (11 7)
   (10 7) (9 7) (9 8) (9 9) (10 9) (11 9) (12 9) (13 9) (13 10) (13 11) (12 11)
   (11 11) (11 12) (11 13) (10 13) (9 13) (9 12) (8 12) (7 12) (7 13) (6 13)
   (5 13) (5 12) (5 11) (4 11) (3 11) (3 12) (3 13) (2 13) (1 13) (1 12) (1 11)
   (1 10) (1 9) (2 9) (3 9) (4 9) (5 9) (6 9) (7 9) (7 8) (7 7) (6 7) (5 7)
   (4 7) (3 7) (2 7) (1 7) (1 6) (1 5) (2 5) (3 5) (3 4) (3 3) (2 3) (1 3)
   (1 2) (1 1) (2 1) (3 1)))
 ((8 11) (8 10) NIL NIL) ((7 11) (6 11) NIL NIL) ((7 11) (7 10) NIL NIL)
 ((7 12) (6 12) NIL NIL)
 ((7 12) (8 12) 82
  ((7 4) (7 3) (8 3) (9 3) (9 2) (9 1) (10 1) (11 1) (12 1) (13 1) (13 2)
   (13 3) (12 3) (11 3) (11 4) (11 5) (12 5) (13 5) (13 6) (13 7) (12 7) (11 7)
   (10 7) (9 7) (9 8) (9 9) (10 9) (11 9) (12 9) (13 9) (13 10) (13 11) (12 11)
   (11 11) (11 12) (11 13) (10 13) (9 13) (9 12) (8 12) (7 12) (7 13) (6 13)
   (5 13) (5 12) (5 11) (4 11) (3 11) (3 12) (3 13) (2 13) (1 13) (1 12) (1 11)
   (1 10) (1 9) (2 9) (3 9) (4 9) (5 9) (6 9) (7 9) (7 8) (7 7) (6 7) (5 7)
   (4 7) (3 7) (2 7) (1 7) (1 6) (1 5) (2 5) (3 5) (3 4) (3 3) (2 3) (1 3)
   (1 2) (1 1) (2 1) (3 1)))
 ((7 13) (7 14) NIL NIL)
 ((7 13) (8 13) 80
  ((7 4) (7 3) (8 3) (9 3) (9 2) (9 1) (10 1) (11 1) (12 1) (13 1) (13 2)
   (13 3) (12 3) (11 3) (11 4) (11 5) (12 5) (13 5) (13 6) (13 7) (12 7) (11 7)
   (10 7) (9 7) (9 8) (9 9) (10 9) (11 9) (12 9) (13 9) (13 10) (13 11) (12 11)
   (11 11) (11 12) (11 13) (10 13) (9 13) (8 13) (7 13) (6 13) (5 13) (5 12)
   (5 11) (4 11) (3 11) (3 12) (3 13) (2 13) (1 13) (1 12) (1 11) (1 10) (1 9)
   (2 9) (3 9) (4 9) (5 9) (6 9) (7 9) (7 8) (7 7) (6 7) (5 7) (4 7) (3 7)
   (2 7) (1 7) (1 6) (1 5) (2 5) (3 5) (3 4) (3 3) (2 3) (1 3) (1 2) (1 1)
   (2 1) (3 1)))
 ((6 13) (6 14) NIL NIL)
 ((6 13) (6 12) 82
  ((7 4) (7 3) (8 3) (9 3) (9 2) (9 1) (10 1) (11 1) (12 1) (13 1) (13 2)
   (13 3) (12 3) (11 3) (11 4) (11 5) (12 5) (13 5) (13 6) (13 7) (12 7) (11 7)
   (10 7) (9 7) (9 8) (9 9) (10 9) (11 9) (12 9) (13 9) (13 10) (13 11) (12 11)
   (11 11) (11 12) (11 13) (10 13) (9 13) (9 12) (9 11) (8 11) (7 11) (7 12)
   (6 12) (5 12) (5 11) (4 11) (3 11) (3 12) (3 13) (2 13) (1 13) (1 12) (1 11)
   (1 10) (1 9) (2 9) (3 9) (4 9) (5 9) (6 9) (7 9) (7 8) (7 7) (6 7) (5 7)
   (4 7) (3 7) (2 7) (1 7) (1 6) (1 5) (2 5) (3 5) (3 4) (3 3) (2 3) (1 3)
   (1 2) (1 1) (2 1) (3 1)))
 ((5 13) (5 14) NIL NIL) ((5 13) (4 13) NIL NIL) ((5 12) (4 12) NIL NIL)
 ((5 12) (6 12) 82
  ((7 4) (7 3) (8 3) (9 3) (9 2) (9 1) (10 1) (11 1) (12 1) (13 1) (13 2)
   (13 3) (12 3) (11 3) (11 4) (11 5) (12 5) (13 5) (13 6) (13 7) (12 7) (11 7)
   (10 7) (9 7) (9 8) (9 9) (10 9) (11 9) (12 9) (13 9) (13 10) (13 11) (12 11)
   (11 11) (11 12) (11 13) (10 13) (9 13) (9 12) (9 11) (8 11) (7 11) (7 12)
   (6 12) (5 12) (5 11) (4 11) (3 11) (3 12) (3 13) (2 13) (1 13) (1 12) (1 11)
   (1 10) (1 9) (2 9) (3 9) (4 9) (5 9) (6 9) (7 9) (7 8) (7 7) (6 7) (5 7)
   (4 7) (3 7) (2 7) (1 7) (1 6) (1 5) (2 5) (3 5) (3 4) (3 3) (2 3) (1 3)
   (1 2) (1 1) (2 1) (3 1)))
 ((5 11) (5 10) NIL NIL)
 ((5 11) (6 11) 80
  ((7 4) (7 3) (8 3) (9 3) (9 2) (9 1) (10 1) (11 1) (12 1) (13 1) (13 2)
   (13 3) (12 3) (11 3) (11 4) (11 5) (12 5) (13 5) (13 6) (13 7) (12 7) (11 7)
   (10 7) (9 7) (9 8) (9 9) (10 9) (11 9) (12 9) (13 9) (13 10) (13 11) (12 11)
   (11 11) (11 12) (11 13) (10 13) (9 13) (9 12) (9 11) (8 11) (7 11) (6 11)
   (5 11) (4 11) (3 11) (3 12) (3 13) (2 13) (1 13) (1 12) (1 11) (1 10) (1 9)
   (2 9) (3 9) (4 9) (5 9) (6 9) (7 9) (7 8) (7 7) (6 7) (5 7) (4 7) (3 7)
   (2 7) (1 7) (1 6) (1 5) (2 5) (3 5) (3 4) (3 3) (2 3) (1 3) (1 2) (1 1)
   (2 1) (3 1)))
 ((4 11) (4 12) 82
  ((7 4) (7 3) (8 3) (9 3) (9 2) (9 1) (10 1) (11 1) (12 1) (13 1) (13 2)
   (13 3) (12 3) (11 3) (11 4) (11 5) (12 5) (13 5) (13 6) (13 7) (12 7) (11 7)
   (10 7) (9 7) (9 8) (9 9) (10 9) (11 9) (12 9) (13 9) (13 10) (13 11) (12 11)
   (11 11) (11 12) (11 13) (10 13) (9 13) (9 12) (9 11) (8 11) (7 11) (7 12)
   (7 13) (6 13) (5 13) (5 12) (4 12) (3 12) (3 13) (2 13) (1 13) (1 12) (1 11)
   (1 10) (1 9) (2 9) (3 9) (4 9) (5 9) (6 9) (7 9) (7 8) (7 7) (6 7) (5 7)
   (4 7) (3 7) (2 7) (1 7) (1 6) (1 5) (2 5) (3 5) (3 4) (3 3) (2 3) (1 3)
   (1 2) (1 1) (2 1) (3 1)))
 ((4 11) (4 10) NIL NIL) ((3 11) (2 11) NIL NIL) ((3 11) (3 10) NIL NIL)
 ((3 12) (2 12) NIL NIL)
 ((3 12) (4 12) 82
  ((7 4) (7 3) (8 3) (9 3) (9 2) (9 1) (10 1) (11 1) (12 1) (13 1) (13 2)
   (13 3) (12 3) (11 3) (11 4) (11 5) (12 5) (13 5) (13 6) (13 7) (12 7) (11 7)
   (10 7) (9 7) (9 8) (9 9) (10 9) (11 9) (12 9) (13 9) (13 10) (13 11) (12 11)
   (11 11) (11 12) (11 13) (10 13) (9 13) (9 12) (9 11) (8 11) (7 11) (7 12)
   (7 13) (6 13) (5 13) (5 12) (4 12) (3 12) (3 13) (2 13) (1 13) (1 12) (1 11)
   (1 10) (1 9) (2 9) (3 9) (4 9) (5 9) (6 9) (7 9) (7 8) (7 7) (6 7) (5 7)
   (4 7) (3 7) (2 7) (1 7) (1 6) (1 5) (2 5) (3 5) (3 4) (3 3) (2 3) (1 3)
   (1 2) (1 1) (2 1) (3 1)))
 ((3 13) (3 14) NIL NIL)
 ((3 13) (4 13) 80
  ((7 4) (7 3) (8 3) (9 3) (9 2) (9 1) (10 1) (11 1) (12 1) (13 1) (13 2)
   (13 3) (12 3) (11 3) (11 4) (11 5) (12 5) (13 5) (13 6) (13 7) (12 7) (11 7)
   (10 7) (9 7) (9 8) (9 9) (10 9) (11 9) (12 9) (13 9) (13 10) (13 11) (12 11)
   (11 11) (11 12) (11 13) (10 13) (9 13) (9 12) (9 11) (8 11) (7 11) (7 12)
   (7 13) (6 13) (5 13) (4 13) (3 13) (2 13) (1 13) (1 12) (1 11) (1 10) (1 9)
   (2 9) (3 9) (4 9) (5 9) (6 9) (7 9) (7 8) (7 7) (6 7) (5 7) (4 7) (3 7)
   (2 7) (1 7) (1 6) (1 5) (2 5) (3 5) (3 4) (3 3) (2 3) (1 3) (1 2) (1 1)
   (2 1) (3 1)))
 ((2 13) (2 14) NIL NIL)
 ((2 13) (2 12) 82
  ((7 4) (7 3) (8 3) (9 3) (9 2) (9 1) (10 1) (11 1) (12 1) (13 1) (13 2)
   (13 3) (12 3) (11 3) (11 4) (11 5) (12 5) (13 5) (13 6) (13 7) (12 7) (11 7)
   (10 7) (9 7) (9 8) (9 9) (10 9) (11 9) (12 9) (13 9) (13 10) (13 11) (12 11)
   (11 11) (11 12) (11 13) (10 13) (9 13) (9 12) (9 11) (8 11) (7 11) (7 12)
   (7 13) (6 13) (5 13) (5 12) (5 11) (4 11) (3 11) (3 12) (2 12) (1 12) (1 11)
   (1 10) (1 9) (2 9) (3 9) (4 9) (5 9) (6 9) (7 9) (7 8) (7 7) (6 7) (5 7)
   (4 7) (3 7) (2 7) (1 7) (1 6) (1 5) (2 5) (3 5) (3 4) (3 3) (2 3) (1 3)
   (1 2) (1 1) (2 1) (3 1)))
 ((1 13) (1 14) NIL NIL) ((1 13) (0 13) NIL NIL) ((1 12) (0 12) NIL NIL)
 ((1 12) (2 12) 82
  ((7 4) (7 3) (8 3) (9 3) (9 2) (9 1) (10 1) (11 1) (12 1) (13 1) (13 2)
   (13 3) (12 3) (11 3) (11 4) (11 5) (12 5) (13 5) (13 6) (13 7) (12 7) (11 7)
   (10 7) (9 7) (9 8) (9 9) (10 9) (11 9) (12 9) (13 9) (13 10) (13 11) (12 11)
   (11 11) (11 12) (11 13) (10 13) (9 13) (9 12) (9 11) (8 11) (7 11) (7 12)
   (7 13) (6 13) (5 13) (5 12) (5 11) (4 11) (3 11) (3 12) (2 12) (1 12) (1 11)
   (1 10) (1 9) (2 9) (3 9) (4 9) (5 9) (6 9) (7 9) (7 8) (7 7) (6 7) (5 7)
   (4 7) (3 7) (2 7) (1 7) (1 6) (1 5) (2 5) (3 5) (3 4) (3 3) (2 3) (1 3)
   (1 2) (1 1) (2 1) (3 1)))
 ((1 11) (0 11) NIL NIL)
 ((1 11) (2 11) 80
  ((7 4) (7 3) (8 3) (9 3) (9 2) (9 1) (10 1) (11 1) (12 1) (13 1) (13 2)
   (13 3) (12 3) (11 3) (11 4) (11 5) (12 5) (13 5) (13 6) (13 7) (12 7) (11 7)
   (10 7) (9 7) (9 8) (9 9) (10 9) (11 9) (12 9) (13 9) (13 10) (13 11) (12 11)
   (11 11) (11 12) (11 13) (10 13) (9 13) (9 12) (9 11) (8 11) (7 11) (7 12)
   (7 13) (6 13) (5 13) (5 12) (5 11) (4 11) (3 11) (2 11) (1 11) (1 10) (1 9)
   (2 9) (3 9) (4 9) (5 9) (6 9) (7 9) (7 8) (7 7) (6 7) (5 7) (4 7) (3 7)
   (2 7) (1 7) (1 6) (1 5) (2 5) (3 5) (3 4) (3 3) (2 3) (1 3) (1 2) (1 1)
   (2 1) (3 1)))
 ((1 10) (0 10) NIL NIL) ((1 10) (2 10) NIL NIL) ((1 9) (0 9) NIL NIL)
 ((1 9) (1 8) NIL NIL)
 ((2 9) (2 10) 84
  ((7 4) (7 3) (8 3) (9 3) (9 2) (9 1) (10 1) (11 1) (12 1) (13 1) (13 2)
   (13 3) (12 3) (11 3) (11 4) (11 5) (12 5) (13 5) (13 6) (13 7) (12 7) (11 7)
   (10 7) (9 7) (9 8) (9 9) (10 9) (11 9) (12 9) (13 9) (13 10) (13 11) (12 11)
   (11 11) (11 12) (11 13) (10 13) (9 13) (9 12) (9 11) (8 11) (7 11) (7 12)
   (7 13) (6 13) (5 13) (5 12) (5 11) (4 11) (3 11) (3 12) (3 13) (2 13) (1 13)
   (1 12) (1 11) (1 10) (2 10) (2 9) (3 9) (4 9) (5 9) (6 9) (7 9) (7 8) (7 7)
   (6 7) (5 7) (4 7) (3 7) (2 7) (1 7) (1 6) (1 5) (2 5) (3 5) (3 4) (3 3)
   (2 3) (1 3) (1 2) (1 1) (2 1) (3 1)))
 ((2 9) (2 8) NIL NIL)
 ((3 9) (3 10) 76
  ((7 4) (7 3) (8 3) (9 3) (9 2) (9 1) (10 1) (11 1) (12 1) (13 1) (13 2)
   (13 3) (12 3) (11 3) (11 4) (11 5) (12 5) (13 5) (13 6) (13 7) (12 7) (11 7)
   (10 7) (9 7) (9 8) (9 9) (10 9) (11 9) (12 9) (13 9) (13 10) (13 11) (12 11)
   (11 11) (11 12) (11 13) (10 13) (9 13) (9 12) (9 11) (8 11) (7 11) (7 12)
   (7 13) (6 13) (5 13) (5 12) (5 11) (4 11) (3 11) (3 10) (3 9) (4 9) (5 9)
   (6 9) (7 9) (7 8) (7 7) (6 7) (5 7) (4 7) (3 7) (2 7) (1 7) (1 6) (1 5)
   (2 5) (3 5) (3 4) (3 3) (2 3) (1 3) (1 2) (1 1) (2 1) (3 1)))
 ((3 9) (3 8) NIL NIL)
 ((4 9) (4 10) 74
  ((7 4) (7 3) (8 3) (9 3) (9 2) (9 1) (10 1) (11 1) (12 1) (13 1) (13 2)
   (13 3) (12 3) (11 3) (11 4) (11 5) (12 5) (13 5) (13 6) (13 7) (12 7) (11 7)
   (10 7) (9 7) (9 8) (9 9) (10 9) (11 9) (12 9) (13 9) (13 10) (13 11) (12 11)
   (11 11) (11 12) (11 13) (10 13) (9 13) (9 12) (9 11) (8 11) (7 11) (7 12)
   (7 13) (6 13) (5 13) (5 12) (5 11) (4 11) (4 10) (4 9) (5 9) (6 9) (7 9)
   (7 8) (7 7) (6 7) (5 7) (4 7) (3 7) (2 7) (1 7) (1 6) (1 5) (2 5) (3 5)
   (3 4) (3 3) (2 3) (1 3) (1 2) (1 1) (2 1) (3 1)))
 ((4 9) (4 8) NIL NIL)
 ((5 9) (5 10) 72
  ((7 4) (7 3) (8 3) (9 3) (9 2) (9 1) (10 1) (11 1) (12 1) (13 1) (13 2)
   (13 3) (12 3) (11 3) (11 4) (11 5) (12 5) (13 5) (13 6) (13 7) (12 7) (11 7)
   (10 7) (9 7) (9 8) (9 9) (10 9) (11 9) (12 9) (13 9) (13 10) (13 11) (12 11)
   (11 11) (11 12) (11 13) (10 13) (9 13) (9 12) (9 11) (8 11) (7 11) (7 12)
   (7 13) (6 13) (5 13) (5 12) (5 11) (5 10) (5 9) (6 9) (7 9) (7 8) (7 7)
   (6 7) (5 7) (4 7) (3 7) (2 7) (1 7) (1 6) (1 5) (2 5) (3 5) (3 4) (3 3)
   (2 3) (1 3) (1 2) (1 1) (2 1) (3 1)))
 ((5 9) (5 8) NIL NIL) ((6 9) (6 10) NIL NIL) ((6 9) (6 8) NIL NIL)
 ((7 9) (7 10) 64
  ((7 4) (7 3) (8 3) (9 3) (9 2) (9 1) (10 1) (11 1) (12 1) (13 1) (13 2)
   (13 3) (12 3) (11 3) (11 4) (11 5) (12 5) (13 5) (13 6) (13 7) (12 7) (11 7)
   (10 7) (9 7) (9 8) (9 9) (10 9) (11 9) (12 9) (13 9) (13 10) (13 11) (12 11)
   (11 11) (11 12) (11 13) (10 13) (9 13) (9 12) (9 11) (8 11) (7 11) (7 10)
   (7 9) (7 8) (7 7) (6 7) (5 7) (4 7) (3 7) (2 7) (1 7) (1 6) (1 5) (2 5)
   (3 5) (3 4) (3 3) (2 3) (1 3) (1 2) (1 1) (2 1) (3 1)))
 ((7 9) (8 9) 48
  ((7 4) (7 3) (8 3) (9 3) (9 2) (9 1) (10 1) (11 1) (12 1) (13 1) (13 2)
   (13 3) (12 3) (11 3) (11 4) (11 5) (12 5) (13 5) (13 6) (13 7) (12 7) (11 7)
   (10 7) (9 7) (9 8) (9 9) (8 9) (7 9) (7 8) (7 7) (6 7) (5 7) (4 7) (3 7)
   (2 7) (1 7) (1 6) (1 5) (2 5) (3 5) (3 4) (3 3) (2 3) (1 3) (1 2) (1 1)
   (2 1) (3 1)))
 ((7 8) (6 8) 82
  ((7 4) (7 3) (8 3) (9 3) (9 2) (9 1) (10 1) (11 1) (12 1) (13 1) (13 2)
   (13 3) (12 3) (11 3) (11 4) (11 5) (12 5) (13 5) (13 6) (13 7) (12 7) (11 7)
   (10 7) (9 7) (9 8) (9 9) (10 9) (11 9) (12 9) (13 9) (13 10) (13 11) (12 11)
   (11 11) (11 12) (11 13) (10 13) (9 13) (9 12) (9 11) (8 11) (7 11) (7 12)
   (7 13) (6 13) (5 13) (5 12) (5 11) (4 11) (3 11) (3 12) (3 13) (2 13) (1 13)
   (1 12) (1 11) (1 10) (1 9) (2 9) (3 9) (4 9) (5 9) (6 9) (6 8) (6 7) (5 7)
   (4 7) (3 7) (2 7) (1 7) (1 6) (1 5) (2 5) (3 5) (3 4) (3 3) (2 3) (1 3)
   (1 2) (1 1) (2 1) (3 1)))
 ((7 8) (8 8) 46
  ((7 4) (7 3) (8 3) (9 3) (9 2) (9 1) (10 1) (11 1) (12 1) (13 1) (13 2)
   (13 3) (12 3) (11 3) (11 4) (11 5) (12 5) (13 5) (13 6) (13 7) (12 7) (11 7)
   (10 7) (9 7) (9 8) (8 8) (7 8) (7 7) (6 7) (5 7) (4 7) (3 7) (2 7) (1 7)
   (1 6) (1 5) (2 5) (3 5) (3 4) (3 3) (2 3) (1 3) (1 2) (1 1) (2 1) (3 1)))
 ((7 7) (7 6) 20
  ((7 6) (7 7) (6 7) (5 7) (4 7) (3 7) (2 7) (1 7) (1 6) (1 5) (2 5) (3 5)
   (3 4) (3 3) (2 3) (1 3) (1 2) (1 1) (2 1) (3 1)))
 ((7 7) (8 7) 44
  ((7 4) (7 3) (8 3) (9 3) (9 2) (9 1) (10 1) (11 1) (12 1) (13 1) (13 2)
   (13 3) (12 3) (11 3) (11 4) (11 5) (12 5) (13 5) (13 6) (13 7) (12 7) (11 7)
   (10 7) (9 7) (8 7) (7 7) (6 7) (5 7) (4 7) (3 7) (2 7) (1 7) (1 6) (1 5)
   (2 5) (3 5) (3 4) (3 3) (2 3) (1 3) (1 2) (1 1) (2 1) (3 1)))
 ((6 7) (6 8) 82
  ((7 4) (7 3) (8 3) (9 3) (9 2) (9 1) (10 1) (11 1) (12 1) (13 1) (13 2)
   (13 3) (12 3) (11 3) (11 4) (11 5) (12 5) (13 5) (13 6) (13 7) (12 7) (11 7)
   (10 7) (9 7) (9 8) (9 9) (10 9) (11 9) (12 9) (13 9) (13 10) (13 11) (12 11)
   (11 11) (11 12) (11 13) (10 13) (9 13) (9 12) (9 11) (8 11) (7 11) (7 12)
   (7 13) (6 13) (5 13) (5 12) (5 11) (4 11) (3 11) (3 12) (3 13) (2 13) (1 13)
   (1 12) (1 11) (1 10) (1 9) (2 9) (3 9) (4 9) (5 9) (6 9) (6 8) (6 7) (5 7)
   (4 7) (3 7) (2 7) (1 7) (1 6) (1 5) (2 5) (3 5) (3 4) (3 3) (2 3) (1 3)
   (1 2) (1 1) (2 1) (3 1)))
 ((6 7) (6 6) NIL NIL)
 ((5 7) (5 8) 80
  ((7 4) (7 3) (8 3) (9 3) (9 2) (9 1) (10 1) (11 1) (12 1) (13 1) (13 2)
   (13 3) (12 3) (11 3) (11 4) (11 5) (12 5) (13 5) (13 6) (13 7) (12 7) (11 7)
   (10 7) (9 7) (9 8) (9 9) (10 9) (11 9) (12 9) (13 9) (13 10) (13 11) (12 11)
   (11 11) (11 12) (11 13) (10 13) (9 13) (9 12) (9 11) (8 11) (7 11) (7 12)
   (7 13) (6 13) (5 13) (5 12) (5 11) (4 11) (3 11) (3 12) (3 13) (2 13) (1 13)
   (1 12) (1 11) (1 10) (1 9) (2 9) (3 9) (4 9) (5 9) (5 8) (5 7) (4 7) (3 7)
   (2 7) (1 7) (1 6) (1 5) (2 5) (3 5) (3 4) (3 3) (2 3) (1 3) (1 2) (1 1)
   (2 1) (3 1)))
 ((5 7) (5 6) NIL NIL)
 ((4 7) (4 8) 78
  ((7 4) (7 3) (8 3) (9 3) (9 2) (9 1) (10 1) (11 1) (12 1) (13 1) (13 2)
   (13 3) (12 3) (11 3) (11 4) (11 5) (12 5) (13 5) (13 6) (13 7) (12 7) (11 7)
   (10 7) (9 7) (9 8) (9 9) (10 9) (11 9) (12 9) (13 9) (13 10) (13 11) (12 11)
   (11 11) (11 12) (11 13) (10 13) (9 13) (9 12) (9 11) (8 11) (7 11) (7 12)
   (7 13) (6 13) (5 13) (5 12) (5 11) (4 11) (3 11) (3 12) (3 13) (2 13) (1 13)
   (1 12) (1 11) (1 10) (1 9) (2 9) (3 9) (4 9) (4 8) (4 7) (3 7) (2 7) (1 7)
   (1 6) (1 5) (2 5) (3 5) (3 4) (3 3) (2 3) (1 3) (1 2) (1 1) (2 1) (3 1)))
 ((4 7) (4 6) NIL NIL)
 ((3 7) (3 8) 76
  ((7 4) (7 3) (8 3) (9 3) (9 2) (9 1) (10 1) (11 1) (12 1) (13 1) (13 2)
   (13 3) (12 3) (11 3) (11 4) (11 5) (12 5) (13 5) (13 6) (13 7) (12 7) (11 7)
   (10 7) (9 7) (9 8) (9 9) (10 9) (11 9) (12 9) (13 9) (13 10) (13 11) (12 11)
   (11 11) (11 12) (11 13) (10 13) (9 13) (9 12) (9 11) (8 11) (7 11) (7 12)
   (7 13) (6 13) (5 13) (5 12) (5 11) (4 11) (3 11) (3 12) (3 13) (2 13) (1 13)
   (1 12) (1 11) (1 10) (1 9) (2 9) (3 9) (3 8) (3 7) (2 7) (1 7) (1 6) (1 5)
   (2 5) (3 5) (3 4) (3 3) (2 3) (1 3) (1 2) (1 1) (2 1) (3 1)))
 ((3 7) (3 6) NIL NIL)
 ((2 7) (2 8) 74
  ((7 4) (7 3) (8 3) (9 3) (9 2) (9 1) (10 1) (11 1) (12 1) (13 1) (13 2)
   (13 3) (12 3) (11 3) (11 4) (11 5) (12 5) (13 5) (13 6) (13 7) (12 7) (11 7)
   (10 7) (9 7) (9 8) (9 9) (10 9) (11 9) (12 9) (13 9) (13 10) (13 11) (12 11)
   (11 11) (11 12) (11 13) (10 13) (9 13) (9 12) (9 11) (8 11) (7 11) (7 12)
   (7 13) (6 13) (5 13) (5 12) (5 11) (4 11) (3 11) (3 12) (3 13) (2 13) (1 13)
   (1 12) (1 11) (1 10) (1 9) (2 9) (2 8) (2 7) (1 7) (1 6) (1 5) (2 5) (3 5)
   (3 4) (3 3) (2 3) (1 3) (1 2) (1 1) (2 1) (3 1)))
 ((2 7) (2 6) NIL NIL)
 ((1 7) (1 8) 72
  ((7 4) (7 3) (8 3) (9 3) (9 2) (9 1) (10 1) (11 1) (12 1) (13 1) (13 2)
   (13 3) (12 3) (11 3) (11 4) (11 5) (12 5) (13 5) (13 6) (13 7) (12 7) (11 7)
   (10 7) (9 7) (9 8) (9 9) (10 9) (11 9) (12 9) (13 9) (13 10) (13 11) (12 11)
   (11 11) (11 12) (11 13) (10 13) (9 13) (9 12) (9 11) (8 11) (7 11) (7 12)
   (7 13) (6 13) (5 13) (5 12) (5 11) (4 11) (3 11) (3 12) (3 13) (2 13) (1 13)
   (1 12) (1 11) (1 10) (1 9) (1 8) (1 7) (1 6) (1 5) (2 5) (3 5) (3 4) (3 3)
   (2 3) (1 3) (1 2) (1 1) (2 1) (3 1)))
 ((1 7) (0 7) NIL NIL) ((1 6) (0 6) NIL NIL)
 ((1 6) (2 6) 82
  ((7 4) (7 3) (8 3) (9 3) (9 2) (9 1) (10 1) (11 1) (12 1) (13 1) (13 2)
   (13 3) (12 3) (11 3) (11 4) (11 5) (12 5) (13 5) (13 6) (13 7) (12 7) (11 7)
   (10 7) (9 7) (9 8) (9 9) (10 9) (11 9) (12 9) (13 9) (13 10) (13 11) (12 11)
   (11 11) (11 12) (11 13) (10 13) (9 13) (9 12) (9 11) (8 11) (7 11) (7 12)
   (7 13) (6 13) (5 13) (5 12) (5 11) (4 11) (3 11) (3 12) (3 13) (2 13) (1 13)
   (1 12) (1 11) (1 10) (1 9) (2 9) (3 9) (4 9) (5 9) (6 9) (7 9) (7 8) (7 7)
   (6 7) (5 7) (4 7) (3 7) (2 7) (2 6) (2 5) (3 5) (3 4) (3 3) (2 3) (1 3)
   (1 2) (1 1) (2 1) (3 1)))
 ((1 5) (0 5) NIL NIL) ((1 5) (1 4) NIL NIL)
 ((2 5) (2 6) 82
  ((7 4) (7 3) (8 3) (9 3) (9 2) (9 1) (10 1) (11 1) (12 1) (13 1) (13 2)
   (13 3) (12 3) (11 3) (11 4) (11 5) (12 5) (13 5) (13 6) (13 7) (12 7) (11 7)
   (10 7) (9 7) (9 8) (9 9) (10 9) (11 9) (12 9) (13 9) (13 10) (13 11) (12 11)
   (11 11) (11 12) (11 13) (10 13) (9 13) (9 12) (9 11) (8 11) (7 11) (7 12)
   (7 13) (6 13) (5 13) (5 12) (5 11) (4 11) (3 11) (3 12) (3 13) (2 13) (1 13)
   (1 12) (1 11) (1 10) (1 9) (2 9) (3 9) (4 9) (5 9) (6 9) (7 9) (7 8) (7 7)
   (6 7) (5 7) (4 7) (3 7) (2 7) (2 6) (2 5) (3 5) (3 4) (3 3) (2 3) (1 3)
   (1 2) (1 1) (2 1) (3 1)))
 ((2 5) (2 4) NIL NIL)
 ((3 5) (3 6) 80
  ((7 4) (7 3) (8 3) (9 3) (9 2) (9 1) (10 1) (11 1) (12 1) (13 1) (13 2)
   (13 3) (12 3) (11 3) (11 4) (11 5) (12 5) (13 5) (13 6) (13 7) (12 7) (11 7)
   (10 7) (9 7) (9 8) (9 9) (10 9) (11 9) (12 9) (13 9) (13 10) (13 11) (12 11)
   (11 11) (11 12) (11 13) (10 13) (9 13) (9 12) (9 11) (8 11) (7 11) (7 12)
   (7 13) (6 13) (5 13) (5 12) (5 11) (4 11) (3 11) (3 12) (3 13) (2 13) (1 13)
   (1 12) (1 11) (1 10) (1 9) (2 9) (3 9) (4 9) (5 9) (6 9) (7 9) (7 8) (7 7)
   (6 7) (5 7) (4 7) (3 7) (3 6) (3 5) (3 4) (3 3) (2 3) (1 3) (1 2) (1 1)
   (2 1) (3 1)))
 ((3 5) (4 5) NIL NIL)
 ((3 4) (2 4) 82
  ((7 4) (7 3) (8 3) (9 3) (9 2) (9 1) (10 1) (11 1) (12 1) (13 1) (13 2)
   (13 3) (12 3) (11 3) (11 4) (11 5) (12 5) (13 5) (13 6) (13 7) (12 7) (11 7)
   (10 7) (9 7) (9 8) (9 9) (10 9) (11 9) (12 9) (13 9) (13 10) (13 11) (12 11)
   (11 11) (11 12) (11 13) (10 13) (9 13) (9 12) (9 11) (8 11) (7 11) (7 12)
   (7 13) (6 13) (5 13) (5 12) (5 11) (4 11) (3 11) (3 12) (3 13) (2 13) (1 13)
   (1 12) (1 11) (1 10) (1 9) (2 9) (3 9) (4 9) (5 9) (6 9) (7 9) (7 8) (7 7)
   (6 7) (5 7) (4 7) (3 7) (2 7) (1 7) (1 6) (1 5) (2 5) (2 4) (2 3) (1 3)
   (1 2) (1 1) (2 1) (3 1)))
 ((3 4) (4 4) NIL NIL) ((3 3) (3 2) NIL NIL) ((3 3) (4 3) NIL NIL)
 ((2 3) (2 4) 82
  ((7 4) (7 3) (8 3) (9 3) (9 2) (9 1) (10 1) (11 1) (12 1) (13 1) (13 2)
   (13 3) (12 3) (11 3) (11 4) (11 5) (12 5) (13 5) (13 6) (13 7) (12 7) (11 7)
   (10 7) (9 7) (9 8) (9 9) (10 9) (11 9) (12 9) (13 9) (13 10) (13 11) (12 11)
   (11 11) (11 12) (11 13) (10 13) (9 13) (9 12) (9 11) (8 11) (7 11) (7 12)
   (7 13) (6 13) (5 13) (5 12) (5 11) (4 11) (3 11) (3 12) (3 13) (2 13) (1 13)
   (1 12) (1 11) (1 10) (1 9) (2 9) (3 9) (4 9) (5 9) (6 9) (7 9) (7 8) (7 7)
   (6 7) (5 7) (4 7) (3 7) (2 7) (1 7) (1 6) (1 5) (2 5) (2 4) (2 3) (1 3)
   (1 2) (1 1) (2 1) (3 1)))
 ((2 3) (2 2) NIL NIL)
 ((1 3) (1 4) 80
  ((7 4) (7 3) (8 3) (9 3) (9 2) (9 1) (10 1) (11 1) (12 1) (13 1) (13 2)
   (13 3) (12 3) (11 3) (11 4) (11 5) (12 5) (13 5) (13 6) (13 7) (12 7) (11 7)
   (10 7) (9 7) (9 8) (9 9) (10 9) (11 9) (12 9) (13 9) (13 10) (13 11) (12 11)
   (11 11) (11 12) (11 13) (10 13) (9 13) (9 12) (9 11) (8 11) (7 11) (7 12)
   (7 13) (6 13) (5 13) (5 12) (5 11) (4 11) (3 11) (3 12) (3 13) (2 13) (1 13)
   (1 12) (1 11) (1 10) (1 9) (2 9) (3 9) (4 9) (5 9) (6 9) (7 9) (7 8) (7 7)
   (6 7) (5 7) (4 7) (3 7) (2 7) (1 7) (1 6) (1 5) (1 4) (1 3) (1 2) (1 1)
   (2 1) (3 1)))
 ((1 3) (0 3) NIL NIL) ((1 2) (0 2) NIL NIL)
 ((1 2) (2 2) 82
  ((7 4) (7 3) (8 3) (9 3) (9 2) (9 1) (10 1) (11 1) (12 1) (13 1) (13 2)
   (13 3) (12 3) (11 3) (11 4) (11 5) (12 5) (13 5) (13 6) (13 7) (12 7) (11 7)
   (10 7) (9 7) (9 8) (9 9) (10 9) (11 9) (12 9) (13 9) (13 10) (13 11) (12 11)
   (11 11) (11 12) (11 13) (10 13) (9 13) (9 12) (9 11) (8 11) (7 11) (7 12)
   (7 13) (6 13) (5 13) (5 12) (5 11) (4 11) (3 11) (3 12) (3 13) (2 13) (1 13)
   (1 12) (1 11) (1 10) (1 9) (2 9) (3 9) (4 9) (5 9) (6 9) (7 9) (7 8) (7 7)
   (6 7) (5 7) (4 7) (3 7) (2 7) (1 7) (1 6) (1 5) (2 5) (3 5) (3 4) (3 3)
   (2 3) (2 2) (2 1) (3 1)))
 ((1 1) (0 1) NIL NIL) ((1 1) (1 0) NIL NIL)
 ((2 1) (2 2) 82
  ((7 4) (7 3) (8 3) (9 3) (9 2) (9 1) (10 1) (11 1) (12 1) (13 1) (13 2)
   (13 3) (12 3) (11 3) (11 4) (11 5) (12 5) (13 5) (13 6) (13 7) (12 7) (11 7)
   (10 7) (9 7) (9 8) (9 9) (10 9) (11 9) (12 9) (13 9) (13 10) (13 11) (12 11)
   (11 11) (11 12) (11 13) (10 13) (9 13) (9 12) (9 11) (8 11) (7 11) (7 12)
   (7 13) (6 13) (5 13) (5 12) (5 11) (4 11) (3 11) (3 12) (3 13) (2 13) (1 13)
   (1 12) (1 11) (1 10) (1 9) (2 9) (3 9) (4 9) (5 9) (6 9) (7 9) (7 8) (7 7)
   (6 7) (5 7) (4 7) (3 7) (2 7) (1 7) (1 6) (1 5) (2 5) (3 5) (3 4) (3 3)
   (2 3) (2 2) (2 1) (3 1)))
 ((2 1) (2 0) NIL NIL)
 ((3 1) (3 2) 80
  ((7 4) (7 3) (8 3) (9 3) (9 2) (9 1) (10 1) (11 1) (12 1) (13 1) (13 2)
   (13 3) (12 3) (11 3) (11 4) (11 5) (12 5) (13 5) (13 6) (13 7) (12 7) (11 7)
   (10 7) (9 7) (9 8) (9 9) (10 9) (11 9) (12 9) (13 9) (13 10) (13 11) (12 11)
   (11 11) (11 12) (11 13) (10 13) (9 13) (9 12) (9 11) (8 11) (7 11) (7 12)
   (7 13) (6 13) (5 13) (5 12) (5 11) (4 11) (3 11) (3 12) (3 13) (2 13) (1 13)
   (1 12) (1 11) (1 10) (1 9) (2 9) (3 9) (4 9) (5 9) (6 9) (7 9) (7 8) (7 7)
   (6 7) (5 7) (4 7) (3 7) (2 7) (1 7) (1 6) (1 5) (2 5) (3 5) (3 4) (3 3)
   (3 2) (3 1)))
 ((3 1) (3 0) NIL NIL) ((3 1) (4 1) NIL NIL))